42.620000,53.000000,10.380000,2002.300000,30.000000
42.620000,53.000000,10.380000,2003.840000,30.000000
42.620000,53.000000,10.380000,2005.400000,30.000000
42.630000,53.000000,10.380000,2006.940000,30.000000
42.630000,53.000000,10.370000,2008.500000,30.000000
42.630000,53.000000,10.370000,2010.050000,30.000000
42.640000,53.000000,10.360000,2011.590000,30.000000
42.640000,53.000000,10.360000,2013.150000,30.000000
42.640000,53.000000,10.360000,2014.700000,30.000000
42.650000,53.000000,10.350000,2016.250000,30.000000
42.660000,53.000000,10.340000,2017.800000,30.000000
42.660000,53.000000,10.340000,2019.350000,30.000000
42.670000,53.000000,10.330000,2020.900000,30.000000
42.680000,53.000000,10.330000,2022.450000,30.000000
42.680000,53.000000,10.320000,2024.000000,29.000000
42.690000,53.000000,10.310000,2025.550000,29.000000
42.700000,53.000000,10.300000,2027.100000,29.000000
42.700000,53.000000,10.300000,2028.650000,29.000000
42.710000,53.000000,10.290000,2030.200000,29.000000
42.720000,53.000000,10.280000,2031.750000,29.000000
42.730000,53.000000,10.270000,2033.300000,29.000000
42.740000,53.000000,10.260000,2034.850000,29.000000
42.750000,53.000000,10.250000,2036.400000,29.000000
42.760000,53.000000,10.240000,2037.950000,29.000000
42.770000,53.000000,10.230000,2039.510000,29.000000
42.780000,53.000000,10.220000,2041.060000,29.000000
42.790000,53.000000,10.210000,2042.610000,29.000000
42.800000,53.000000,10.200000,2044.160000,29.000000
42.810000,53.000000,10.190000,2045.710000,29.000000
42.820000,53.000000,10.180000,2047.260000,29.000000
42.830000,53.000000,10.170000,2048.810000,29.000000
42.840000,53.000000,10.160000,2050.360000,29.000000
42.850000,53.000000,10.150000,2051.910000,29.000000
42.860000,53.000000,10.140000,2053.460000,29.000000
42.870000,53.000000,10.130000,2055.010000,29.000000
42.880000,53.000000,10.120000,2056.560000,29.000000
42.880000,53.000000,10.120000,2058.110000,29.000000
42.900000,53.000000,10.100000,2059.660000,29.000000
42.910000,53.000000,10.090000,2061.210000,29.000000
42.910000,53.000000,10.090000,2062.760000,29.000000
42.920000,53.000000,10.080000,2064.320000,29.000000
42.930000,53.000000,10.070000,2065.870000,29.000000
42.940000,53.000000,10.060000,2067.420000,29.000000
42.950000,53.000000,10.050000,2068.970000,29.000000
42.960000,53.000000,10.040000,2070.520000,29.000000
42.970000,53.000000,10.030000,2072.070000,29.000000
42.980000,53.000000,10.020000,2073.620000,29.000000
42.990000,53.000000,10.010000,2075.170000,29.000000
43.000000,53.000000,10.000000,2076.720000,29.000000
43.010000,53.000000,9.990000,2078.270000,29.000000
43.020000,53.000000,9.980000,2079.820000,28.000000
43.030000,53.000000,9.970000,2081.380000,28.000000
43.040000,53.000000,9.960000,2082.930000,28.000000
43.050000,53.000000,9.950000,2084.480000,28.000000
43.060000,53.000000,9.940000,2086.030000,28.000000
43.070000,53.000000,9.930000,2087.580000,28.000000
43.080000,53.000000,9.920000,2089.130000,28.000000
43.090000,53.000000,9.910000,2090.680000,28.000000
43.110000,53.000000,9.890000,2092.230000,28.000000
43.120000,53.000000,9.880000,2093.780000,28.000000
43.130000,53.000000,9.870000,2095.330000,28.000000
43.140000,53.000000,9.860000,2096.880000,28.000000
43.150000,53.000000,9.850000,2098.430000,28.000000
43.170000,53.000000,9.830000,2099.980000,28.000000
43.180000,53.000000,9.820000,2101.530000,28.000000
43.190000,53.000000,9.810000,2103.090000,28.000000
43.200000,53.000000,9.800000,2104.640000,28.000000
43.200000,53.000000,9.800000,2106.190000,28.000000
43.210000,53.000000,9.790000,2107.740000,28.000000
43.220000,53.000000,9.780000,2109.290000,28.000000
43.220000,53.000000,9.780000,2110.840000,28.000000
43.230000,53.000000,9.770000,2112.390000,28.000000
43.230000,53.000000,9.770000,2113.940000,28.000000
43.240000,53.000000,9.760000,2115.490000,28.000000
43.250000,53.000000,9.750000,2117.040000,28.000000
43.260000,53.000000,9.740000,2118.600000,28.000000
43.270000,53.000000,9.730000,2120.150000,28.000000
43.280000,53.000000,9.720000,2121.700000,28.000000
43.290000,53.000000,9.710000,2123.250000,28.000000
43.300000,53.000000,9.700000,2124.800000,28.000000
43.310000,53.000000,9.690000,2126.350000,28.000000
43.320000,53.000000,9.680000,2127.900000,28.000000
43.330000,53.000000,9.670000,2129.450000,28.000000
43.350000,53.000000,9.650000,2131.000000,28.000000
43.350000,53.000000,9.650000,2132.550000,28.000000
43.360000,53.000000,9.640000,2134.100000,28.000000
43.380000,53.000000,9.630000,2135.650000,27.000000
43.390000,53.000000,9.610000,2137.200000,27.000000
43.390000,53.000000,9.610000,2138.750000,27.000000
43.400000,53.000000,9.600000,2140.310000,27.000000
43.410000,53.000000,9.590000,2141.860000,27.000000
43.430000,53.000000,9.570000,2143.410000,27.000000
43.440000,53.000000,9.560000,2144.960000,27.000000
43.440000,53.000000,9.560000,2146.510000,27.000000
43.460000,53.000000,9.540000,2148.060000,27.000000
43.470000,53.000000,9.530000,2149.610000,27.000000
43.470000,53.000000,9.530000,2151.160000,27.000000
43.480000,53.000000,9.520000,2152.710000,27.000000
43.500000,53.000000,9.500000,2154.260000,27.000000
43.510000,53.000000,9.490000,2155.810000,27.000000
43.520000,53.000000,9.480000,2157.370000,27.000000
43.530000,53.000000,9.470000,2158.920000,27.000000
43.530000,53.000000,9.470000,2160.470000,27.000000
43.550000,53.000000,9.450000,2162.020000,27.000000
43.560000,53.000000,9.440000,2163.570000,27.000000
43.570000,53.000000,9.430000,2165.120000,27.000000
43.580000,53.000000,9.420000,2166.670000,27.000000
43.580000,53.000000,9.420000,2168.220000,27.000000
43.590000,53.000000,9.410000,2169.770000,27.000000
43.600000,53.000000,9.400000,2171.320000,27.000000
43.600000,53.000000,9.400000,2172.870000,27.000000
43.610000,53.000000,9.390000,2174.430000,27.000000
43.620000,53.000000,9.380000,2175.980000,27.000000
43.630000,53.000000,9.380000,2177.530000,27.000000
43.630000,53.000000,9.370000,2179.080000,27.000000
43.650000,53.000000,9.350000,2180.630000,27.000000
43.650000,53.000000,9.350000,2182.180000,27.000000
43.660000,53.000000,9.340000,2183.730000,27.000000
43.680000,53.000000,9.330000,2185.280000,27.000000
43.690000,53.000000,9.310000,2186.830000,27.000000
43.700000,53.000000,9.300000,2188.380000,27.000000
43.710000,53.000000,9.290000,2189.930000,26.000000
43.720000,53.000000,9.280000,2191.480000,26.000000
43.740000,53.000000,9.260000,2193.040000,26.000000
43.750000,53.000000,9.250000,2194.590000,26.000000
43.760000,53.000000,9.240000,2196.140000,26.000000
43.770000,53.000000,9.230000,2197.690000,26.000000
43.780000,53.000000,9.220000,2199.240000,26.000000
43.790000,53.000000,9.210000,2200.790000,26.000000
43.800000,53.000000,9.200000,2202.340000,26.000000
43.820000,53.000000,9.180000,2203.890000,26.000000
43.830000,53.000000,9.170000,2205.440000,26.000000
43.840000,53.000000,9.160000,2206.990000,26.000000
43.850000,53.000000,9.150000,2208.540000,26.000000
43.860000,53.000000,9.140000,2210.100000,26.000000
43.870000,53.000000,9.130000,2211.650000,26.000000
43.880000,53.000000,9.120000,2213.200000,26.000000
43.890000,53.000000,9.110000,2214.750000,26.000000
43.910000,53.000000,9.090000,2216.300000,26.000000
43.920000,53.000000,9.080000,2217.850000,26.000000
43.930000,53.000000,9.070000,2219.400000,26.000000
43.930000,53.000000,9.070000,2220.950000,26.000000
43.940000,53.000000,9.060000,2222.500000,26.000000
43.950000,53.000000,9.050000,2224.050000,26.000000
43.960000,53.000000,9.040000,2225.600000,26.000000
43.970000,53.000000,9.030000,2227.150000,26.000000
43.970000,53.000000,9.030000,2228.710000,26.000000
43.980000,53.000000,9.020000,2230.260000,26.000000
43.990000,53.000000,9.010000,2231.810000,26.000000
44.000000,53.000000,9.000000,2233.360000,26.000000
44.010000,53.000000,8.990000,2234.910000,26.000000
44.020000,53.000000,8.980000,2236.460000,26.000000
44.030000,53.000000,8.970000,2238.010000,26.000000
44.040000,53.000000,8.960000,2239.560000,26.000000
44.060000,53.000000,8.940000,2241.110000,25.000000
44.060000,53.000000,8.940000,2242.660000,25.000000
44.070000,53.000000,8.930000,2244.220000,25.000000
44.080000,53.000000,8.920000,2245.770000,25.000000
44.090000,53.000000,8.910000,2247.320000,25.000000
44.100000,53.000000,8.900000,2248.870000,25.000000
44.110000,53.000000,8.890000,2250.420000,25.000000
44.120000,53.000000,8.880000,2251.970000,25.000000
44.130000,53.000000,8.880000,2253.520000,25.000000
44.130000,53.000000,8.870000,2255.070000,25.000000
44.140000,53.000000,8.860000,2256.620000,25.000000
44.140000,53.000000,8.860000,2258.170000,25.000000
44.150000,53.000000,8.850000,2259.720000,25.000000
44.160000,53.000000,8.840000,2261.270000,25.000000
44.160000,53.000000,8.840000,2262.820000,25.000000
44.170000,53.000000,8.830000,2264.380000,25.000000
44.180000,53.000000,8.820000,2265.930000,25.000000
44.180000,53.000000,8.820000,2267.480000,25.000000
44.190000,53.000000,8.810000,2269.030000,25.000000
44.200000,53.000000,8.800000,2270.580000,25.000000
44.210000,53.000000,8.790000,2272.130000,25.000000
44.220000,53.000000,8.780000,2273.680000,25.000000
44.230000,53.000000,8.770000,2275.230000,25.000000
44.240000,53.000000,8.760000,2276.780000,25.000000
44.250000,53.000000,8.750000,2278.330000,25.000000
44.260000,53.000000,8.740000,2279.890000,25.000000
44.260000,53.000000,8.740000,2281.440000,25.000000
44.270000,53.000000,8.730000,2282.990000,25.000000
44.280000,53.000000,8.720000,2284.540000,25.000000
44.290000,53.000000,8.710000,2286.090000,25.000000
44.300000,53.000000,8.700000,2287.640000,25.000000
44.300000,53.000000,8.700000,2289.190000,25.000000
44.310000,53.000000,8.690000,2290.740000,25.000000
44.320000,53.000000,8.680000,2292.290000,25.000000
44.320000,53.000000,8.680000,2293.840000,25.000000
44.330000,53.000000,8.670000,2295.390000,25.000000
44.340000,53.000000,8.660000,2296.940000,25.000000
44.340000,53.000000,8.660000,2298.500000,25.000000
44.350000,53.000000,8.650000,2300.050000,25.000000
44.350000,53.000000,8.650000,2301.600000,25.000000
44.360000,53.000000,8.640000,2303.150000,25.000000
44.360000,53.000000,8.640000,2304.700000,25.000000
44.370000,53.000000,8.630000,2306.250000,25.000000
44.370000,53.000000,8.630000,2307.800000,25.000000
44.380000,53.000000,8.620000,2309.350000,25.000000
44.380000,53.000000,8.620000,2310.900000,25.000000
44.390000,53.000000,8.610000,2312.450000,25.000000
44.390000,53.000000,8.610000,2314.010000,25.000000
44.400000,53.000000,8.600000,2315.560000,24.000000
44.400000,53.000000,8.600000,2317.110000,24.000000
44.410000,53.000000,8.590000,2318.660000,24.000000
44.410000,53.000000,8.590000,2320.210000,24.000000
44.420000,53.000000,8.580000,2321.760000,24.000000
44.430000,53.000000,8.570000,2323.310000,24.000000
44.430000,53.000000,8.570000,2324.860000,24.000000
44.440000,53.000000,8.560000,2326.410000,24.000000
44.440000,53.000000,8.560000,2327.960000,24.000000
44.450000,53.000000,8.550000,2329.510000,24.000000
44.450000,53.000000,8.550000,2331.060000,24.000000
44.460000,53.000000,8.540000,2332.610000,24.000000
44.470000,53.000000,8.530000,2334.170000,24.000000
44.470000,53.000000,8.530000,2335.720000,24.000000
44.480000,53.000000,8.520000,2337.270000,24.000000
44.490000,53.000000,8.510000,2338.820000,24.000000
44.490000,53.000000,8.510000,2340.370000,24.000000
44.500000,53.000000,8.500000,2341.920000,24.000000
44.510000,53.000000,8.490000,2343.470000,24.000000
44.510000,53.000000,8.490000,2345.020000,24.000000
44.520000,53.000000,8.480000,2346.570000,24.000000
44.530000,53.000000,8.470000,2348.130000,24.000000
44.530000,53.000000,8.470000,2349.680000,24.000000
44.530000,53.000000,8.470000,2351.230000,24.000000
44.530000,53.000000,8.470000,2352.780000,24.000000
44.530000,53.000000,8.470000,2354.330000,24.000000
44.530000,53.000000,8.470000,2355.880000,24.000000
44.530000,53.000000,8.470000,2357.430000,24.000000
44.540000,53.000000,8.460000,2358.980000,24.000000
44.540000,53.000000,8.460000,2360.530000,24.000000
44.550000,53.000000,8.450000,2362.080000,24.000000
44.550000,53.000000,8.450000,2363.630000,24.000000
44.560000,53.000000,8.440000,2365.180000,24.000000
44.560000,53.000000,8.440000,2366.740000,24.000000
44.570000,53.000000,8.430000,2368.290000,24.000000
44.580000,53.000000,8.420000,2369.840000,24.000000
44.580000,53.000000,8.420000,2371.390000,24.000000
44.580000,53.000000,8.420000,2372.940000,24.000000
44.580000,53.000000,8.420000,2374.490000,24.000000
44.580000,53.000000,8.420000,2376.040000,24.000000
44.590000,53.000000,8.410000,2377.590000,24.000000
44.590000,53.000000,8.410000,2379.140000,24.000000
44.590000,53.000000,8.410000,2380.690000,24.000000
44.600000,53.000000,8.400000,2382.250000,24.000000
44.600000,53.000000,8.400000,2383.800000,24.000000
44.600000,53.000000,8.400000,2385.350000,24.000000
44.600000,53.000000,8.400000,2386.900000,24.000000
44.600000,53.000000,8.400000,2388.450000,24.000000
44.600000,53.000000,8.400000,2390.000000,24.000000
44.600000,53.000000,8.400000,2391.550000,24.000000
44.600000,53.000000,8.400000,2393.100000,24.000000
44.610000,53.000000,8.390000,2394.650000,24.000000
44.610000,53.000000,8.390000,2396.200000,24.000000
44.620000,53.000000,8.380000,2397.750000,24.000000
44.630000,53.000000,8.380000,2399.310000,24.000000
44.630000,53.000000,8.370000,2400.860000,24.000000
44.640000,53.000000,8.360000,2402.410000,24.000000
44.650000,53.000000,8.350000,2403.960000,24.000000
44.650000,53.000000,8.350000,2405.510000,24.000000
44.660000,53.000000,8.340000,2407.060000,24.000000
44.660000,53.000000,8.340000,2408.610000,24.000000
44.660000,53.000000,8.340000,2410.160000,24.000000
44.660000,53.000000,8.340000,2411.710000,24.000000
44.670000,53.000000,8.330000,2413.260000,24.000000
44.670000,53.000000,8.330000,2414.820000,24.000000
44.670000,53.000000,8.330000,2416.370000,24.000000
44.680000,53.000000,8.320000,2417.920000,24.000000
44.680000,53.000000,8.320000,2419.470000,24.000000
44.680000,53.000000,8.320000,2421.020000,24.000000
44.690000,53.000000,8.310000,2422.570000,24.000000
44.700000,53.000000,8.300000,2424.120000,24.000000
44.700000,53.000000,8.300000,2425.670000,24.000000
44.710000,53.000000,8.290000,2427.220000,24.000000
44.710000,53.000000,8.290000,2428.770000,24.000000
44.720000,53.000000,8.280000,2430.320000,24.000000
44.720000,53.000000,8.280000,2431.870000,24.000000
44.720000,53.000000,8.280000,2433.430000,24.000000
44.730000,53.000000,8.270000,2434.980000,24.000000
44.730000,53.000000,8.270000,2436.530000,24.000000
44.740000,53.000000,8.260000,2438.080000,24.000000
44.740000,53.000000,8.260000,2439.630000,23.000000
44.750000,53.000000,8.250000,2441.180000,23.000000
44.760000,53.000000,8.240000,2442.730000,23.000000
44.770000,53.000000,8.230000,2444.280000,23.000000
44.780000,53.000000,8.220000,2445.830000,23.000000
44.780000,53.000000,8.220000,2447.380000,23.000000
44.790000,53.000000,8.210000,2448.930000,23.000000
44.790000,53.000000,8.210000,2450.490000,23.000000
44.800000,53.000000,8.200000,2452.040000,23.000000
44.810000,53.000000,8.190000,2453.590000,23.000000
44.820000,53.000000,8.180000,2455.140000,23.000000
44.820000,53.000000,8.180000,2456.690000,23.000000
44.830000,53.000000,8.170000,2458.240000,23.000000
44.840000,53.000000,8.160000,2459.790000,23.000000
44.850000,53.000000,8.150000,2461.340000,23.000000
44.850000,53.000000,8.150000,2462.890000,23.000000
44.860000,53.000000,8.140000,2464.440000,23.000000
44.870000,53.000000,8.130000,2466.000000,23.000000
44.880000,53.000000,8.120000,2467.550000,23.000000
44.880000,53.000000,8.120000,2469.100000,23.000000
44.890000,53.000000,8.110000,2470.650000,23.000000
44.900000,53.000000,8.100000,2472.200000,23.000000
44.900000,53.000000,8.100000,2473.750000,23.000000
44.910000,53.000000,8.090000,2475.300000,23.000000
44.910000,53.000000,8.090000,2476.850000,23.000000
44.910000,53.000000,8.090000,2478.400000,23.000000
44.920000,53.000000,8.080000,2479.950000,23.000000
44.920000,53.000000,8.080000,2481.500000,23.000000
44.930000,53.000000,8.070000,2483.050000,23.000000
44.930000,53.000000,8.070000,2484.600000,23.000000
44.940000,53.000000,8.060000,2486.160000,23.000000
44.940000,53.000000,8.060000,2487.710000,23.000000
44.950000,53.000000,8.050000,2489.260000,23.000000
44.950000,53.000000,8.050000,2490.810000,23.000000
44.960000,53.000000,8.040000,2492.360000,23.000000
44.970000,53.000000,8.030000,2493.910000,23.000000
44.970000,53.000000,8.030000,2495.460000,23.000000
44.980000,53.000000,8.020000,2497.010000,23.000000
44.980000,53.000000,8.020000,2498.560000,23.000000
44.990000,53.000000,8.010000,2500.120000,23.000000
44.990000,53.000000,8.010000,2501.670000,23.000000
45.000000,53.000000,8.000000,2503.220000,23.000000
45.000000,53.000000,8.000000,2504.770000,23.000000
45.010000,53.000000,7.990000,2506.320000,23.000000
45.010000,53.000000,7.990000,2507.870000,23.000000
45.020000,53.000000,7.980000,2509.420000,23.000000
45.030000,53.000000,7.970000,2510.970000,23.000000
45.030000,53.000000,7.970000,2512.520000,23.000000
45.040000,53.000000,7.960000,2514.070000,23.000000
45.040000,53.000000,7.960000,2515.620000,23.000000
45.050000,53.000000,7.950000,2517.170000,23.000000
45.060000,53.000000,7.940000,2518.730000,23.000000
45.060000,53.000000,7.940000,2520.280000,23.000000
45.070000,53.000000,7.930000,2521.830000,23.000000
45.080000,53.000000,7.920000,2523.380000,23.000000
45.080000,53.000000,7.920000,2524.930000,23.000000
45.090000,53.000000,7.910000,2526.480000,22.000000
45.100000,53.000000,7.900000,2528.030000,22.000000
45.110000,53.000000,7.890000,2529.580000,22.000000
45.120000,53.000000,7.880000,2531.130000,22.000000
45.130000,53.000000,7.880000,2532.680000,22.000000
45.130000,53.000000,7.870000,2534.230000,22.000000
45.140000,53.000000,7.860000,2535.790000,22.000000
45.150000,53.000000,7.850000,2537.340000,22.000000
45.150000,53.000000,7.850000,2538.890000,22.000000
45.160000,53.000000,7.840000,2540.440000,22.000000
45.170000,53.000000,7.830000,2541.990000,22.000000
45.180000,53.000000,7.830000,2543.540000,22.000000
45.180000,53.000000,7.820000,2545.090000,22.000000
45.190000,53.000000,7.810000,2546.640000,22.000000
45.200000,53.000000,7.800000,2548.190000,22.000000
45.210000,53.000000,7.790000,2549.740000,22.000000
45.220000,53.000000,7.780000,2551.290000,22.000000
45.220000,53.000000,7.780000,2552.840000,22.000000
45.220000,53.000000,7.780000,2554.400000,22.000000
45.230000,53.000000,7.770000,2555.950000,22.000000
45.230000,53.000000,7.770000,2557.500000,22.000000
45.240000,53.000000,7.760000,2559.050000,22.000000
45.240000,53.000000,7.760000,2560.600000,22.000000
45.240000,53.000000,7.760000,2562.150000,22.000000
45.240000,53.000000,7.760000,2563.700000,22.000000
45.250000,53.000000,7.750000,2565.250000,22.000000
45.250000,53.000000,7.750000,2566.800000,22.000000
45.250000,53.000000,7.750000,2568.350000,22.000000
45.250000,53.000000,7.750000,2569.910000,22.000000
45.250000,53.000000,7.750000,2571.460000,22.000000
45.260000,53.000000,7.740000,2573.010000,22.000000
45.260000,53.000000,7.740000,2574.560000,22.000000
45.260000,53.000000,7.740000,2576.110000,22.000000
45.270000,53.000000,7.730000,2577.660000,22.000000
45.270000,53.000000,7.730000,2579.210000,22.000000
45.270000,53.000000,7.730000,2580.760000,22.000000
45.280000,53.000000,7.720000,2582.310000,22.000000
45.280000,53.000000,7.720000,2583.860000,22.000000
45.280000,53.000000,7.720000,2585.410000,22.000000
45.280000,53.000000,7.720000,2586.960000,22.000000
45.280000,53.000000,7.720000,2588.510000,22.000000
45.280000,53.000000,7.720000,2590.070000,22.000000
45.280000,53.000000,7.720000,2591.620000,22.000000
45.280000,53.000000,7.720000,2593.170000,22.000000
45.290000,53.000000,7.710000,2594.720000,22.000000
45.290000,53.000000,7.710000,2596.270000,22.000000
45.290000,53.000000,7.710000,2597.820000,22.000000
45.300000,53.000000,7.700000,2599.370000,22.000000
45.290000,53.000000,7.710000,2600.920000,22.000000
45.300000,53.000000,7.700000,2602.470000,22.000000
45.300000,53.000000,7.700000,2604.020000,22.000000
45.300000,53.000000,7.700000,2605.580000,22.000000
45.310000,53.000000,7.690000,2607.130000,22.000000
45.310000,53.000000,7.690000,2608.680000,22.000000
45.310000,53.000000,7.690000,2610.230000,22.000000
45.310000,53.000000,7.690000,2611.780000,22.000000
45.310000,53.000000,7.690000,2613.330000,22.000000
45.310000,53.000000,7.690000,2614.880000,22.000000
45.320000,53.000000,7.680000,2616.430000,22.000000
45.320000,53.000000,7.680000,2617.980000,22.000000
45.320000,53.000000,7.680000,2619.530000,22.000000
45.320000,53.000000,7.680000,2621.080000,22.000000
45.320000,53.000000,7.680000,2622.630000,22.000000
45.320000,53.000000,7.680000,2624.190000,22.000000
45.320000,53.000000,7.680000,2625.740000,22.000000
45.330000,53.000000,7.670000,2627.290000,22.000000
45.330000,53.000000,7.670000,2628.840000,22.000000
45.330000,53.000000,7.670000,2630.390000,22.000000
45.330000,53.000000,7.670000,2631.940000,22.000000
45.330000,53.000000,7.670000,2633.490000,22.000000
45.340000,53.000000,7.660000,2635.040000,22.000000
45.340000,53.000000,7.660000,2636.590000,22.000000
45.340000,53.000000,7.660000,2638.140000,22.000000
45.340000,53.000000,7.660000,2639.700000,22.000000
45.340000,53.000000,7.660000,2641.250000,22.000000
45.350000,53.000000,7.650000,2642.800000,22.000000
45.350000,53.000000,7.650000,2644.350000,22.000000
45.360000,53.000000,7.640000,2645.900000,22.000000
45.360000,53.000000,7.640000,2647.450000,22.000000
45.370000,53.000000,7.630000,2649.000000,22.000000
45.370000,53.000000,7.630000,2650.550000,22.000000
45.370000,53.000000,7.630000,2652.100000,22.000000
45.380000,53.000000,7.630000,2653.650000,22.000000
45.380000,53.000000,7.620000,2655.200000,22.000000
45.390000,53.000000,7.610000,2656.750000,22.000000
45.390000,53.000000,7.610000,2658.300000,22.000000
45.390000,53.000000,7.610000,2659.860000,22.000000
45.390000,53.000000,7.610000,2661.410000,22.000000
45.400000,53.000000,7.600000,2662.960000,22.000000
45.410000,53.000000,7.590000,2664.510000,22.000000
45.410000,53.000000,7.590000,2666.060000,22.000000
45.410000,53.000000,7.590000,2667.610000,22.000000
45.420000,53.000000,7.580000,2669.160000,22.000000
45.420000,53.000000,7.580000,2670.710000,22.000000
45.430000,53.000000,7.580000,2672.270000,22.000000
45.430000,53.000000,7.570000,2673.820000,22.000000
45.430000,53.000000,7.570000,2675.370000,22.000000
45.430000,53.000000,7.570000,2676.920000,22.000000
45.430000,53.000000,7.570000,2678.470000,22.000000
45.430000,53.000000,7.570000,2680.020000,21.000000
45.440000,53.000000,7.560000,2681.570000,21.000000
45.440000,53.000000,7.560000,2683.120000,21.000000
45.450000,53.000000,7.550000,2684.670000,21.000000
45.450000,53.000000,7.550000,2686.220000,21.000000
45.450000,53.000000,7.550000,2687.770000,21.000000
45.450000,53.000000,7.550000,2689.330000,21.000000
45.460000,53.000000,7.540000,2690.880000,21.000000
45.470000,53.000000,7.530000,2692.430000,21.000000
45.470000,53.000000,7.530000,2693.980000,21.000000
45.470000,53.000000,7.530000,2695.530000,21.000000
45.470000,53.000000,7.530000,2697.080000,21.000000
45.470000,53.000000,7.530000,2698.630000,21.000000
45.470000,53.000000,7.530000,2700.180000,21.000000
45.470000,53.000000,7.530000,2701.730000,21.000000
45.470000,53.000000,7.530000,2703.280000,21.000000
45.480000,53.000000,7.520000,2704.840000,21.000000
45.480000,53.000000,7.520000,2706.390000,21.000000
45.480000,53.000000,7.520000,2707.940000,21.000000
45.480000,53.000000,7.520000,2709.490000,21.000000
45.480000,53.000000,7.520000,2711.040000,21.000000
45.480000,53.000000,7.520000,2712.590000,21.000000
45.490000,53.000000,7.510000,2714.140000,21.000000
45.490000,53.000000,7.510000,2715.690000,21.000000
45.490000,53.000000,7.510000,2717.240000,21.000000
45.490000,53.000000,7.510000,2718.790000,21.000000
45.490000,53.000000,7.510000,2720.340000,21.000000
45.500000,53.000000,7.500000,2721.900000,21.000000
45.500000,53.000000,7.500000,2723.450000,21.000000
45.510000,53.000000,7.490000,2725.000000,21.000000
45.510000,53.000000,7.490000,2726.550000,21.000000
45.510000,53.000000,7.490000,2728.100000,21.000000
45.520000,53.000000,7.480000,2729.650000,21.000000
45.520000,53.000000,7.480000,2731.200000,21.000000
45.520000,53.000000,7.480000,2732.750000,21.000000
45.530000,53.000000,7.470000,2734.300000,21.000000
45.530000,53.000000,7.470000,2735.850000,21.000000
45.530000,53.000000,7.470000,2737.400000,21.000000
45.530000,53.000000,7.470000,2738.960000,21.000000
45.530000,53.000000,7.470000,2740.510000,21.000000
45.530000,53.000000,7.470000,2742.060000,21.000000
45.530000,53.000000,7.470000,2743.610000,21.000000
45.530000,53.000000,7.470000,2745.160000,21.000000
45.530000,53.000000,7.470000,2746.710000,21.000000
45.530000,53.000000,7.470000,2748.260000,21.000000
45.530000,53.000000,7.470000,2749.820000,21.000000
45.530000,53.000000,7.470000,2751.370000,21.000000
45.530000,53.000000,7.470000,2752.920000,21.000000
45.530000,53.000000,7.470000,2754.470000,21.000000
45.530000,53.000000,7.470000,2756.020000,21.000000
45.530000,53.000000,7.470000,2757.570000,21.000000
45.530000,53.000000,7.470000,2759.120000,21.000000
45.530000,53.000000,7.470000,2760.670000,21.000000
45.530000,53.000000,7.470000,2762.220000,21.000000
45.530000,53.000000,7.470000,2763.770000,21.000000
45.530000,53.000000,7.470000,2765.320000,21.000000
45.530000,53.000000,7.470000,2766.870000,21.000000
45.530000,53.000000,7.470000,2768.420000,21.000000
45.530000,53.000000,7.470000,2769.980000,21.000000
45.540000,53.000000,7.460000,2771.530000,21.000000
45.540000,53.000000,7.460000,2773.080000,21.000000
45.550000,53.000000,7.450000,2774.630000,21.000000
45.550000,53.000000,7.450000,2776.180000,21.000000
45.560000,53.000000,7.440000,2777.730000,21.000000
45.550000,53.000000,7.450000,2779.280000,21.000000
45.560000,53.000000,7.440000,2780.830000,21.000000
45.560000,53.000000,7.440000,2782.380000,21.000000
45.570000,53.000000,7.430000,2783.930000,21.000000
45.580000,53.000000,7.420000,2785.490000,21.000000
45.570000,53.000000,7.430000,2787.040000,21.000000
45.580000,53.000000,7.420000,2788.590000,21.000000
45.580000,53.000000,7.420000,2790.140000,21.000000
45.580000,53.000000,7.420000,2791.690000,21.000000
45.570000,53.000000,7.430000,2793.240000,21.000000
45.580000,53.000000,7.420000,2794.790000,21.000000
45.580000,53.000000,7.420000,2796.340000,21.000000
45.580000,53.000000,7.420000,2797.890000,21.000000
45.580000,53.000000,7.420000,2799.440000,21.000000
45.590000,53.000000,7.410000,2801.000000,21.000000
45.590000,53.000000,7.410000,2802.550000,21.000000
45.590000,53.000000,7.410000,2804.100000,21.000000
45.600000,53.000000,7.400000,2805.650000,21.000000
45.600000,53.000000,7.400000,2807.200000,21.000000
45.620000,53.000000,7.380000,2808.750000,21.000000
45.620000,53.000000,7.380000,2810.300000,21.000000
45.630000,53.000000,7.380000,2811.850000,21.000000
45.630000,53.000000,7.370000,2813.400000,21.000000
45.640000,53.000000,7.360000,2814.950000,21.000000
45.640000,53.000000,7.360000,2816.500000,21.000000
45.650000,53.000000,7.350000,2818.060000,21.000000
45.650000,53.000000,7.350000,2819.610000,21.000000
45.650000,53.000000,7.350000,2821.160000,21.000000
45.650000,53.000000,7.350000,2822.710000,21.000000
45.650000,53.000000,7.350000,2824.260000,21.000000
45.660000,53.000000,7.340000,2825.810000,21.000000
45.660000,53.000000,7.340000,2827.360000,21.000000
45.660000,53.000000,7.340000,2828.910000,21.000000
45.660000,53.000000,7.340000,2830.460000,21.000000
45.660000,53.000000,7.340000,2832.010000,21.000000
45.660000,53.000000,7.340000,2833.570000,21.000000
45.660000,53.000000,7.340000,2835.120000,21.000000
45.660000,53.000000,7.340000,2836.670000,21.000000
45.660000,53.000000,7.340000,2838.220000,21.000000
45.660000,53.000000,7.340000,2839.770000,21.000000
45.660000,53.000000,7.340000,2841.320000,21.000000
45.660000,53.000000,7.340000,2842.870000,21.000000
45.660000,53.000000,7.340000,2844.420000,21.000000
45.660000,53.000000,7.340000,2845.970000,21.000000
45.660000,53.000000,7.340000,2847.530000,21.000000
45.660000,53.000000,7.340000,2849.080000,21.000000
45.660000,53.000000,7.340000,2850.630000,21.000000
45.670000,53.000000,7.330000,2852.180000,21.000000
45.670000,53.000000,7.330000,2853.730000,21.000000
45.670000,53.000000,7.330000,2855.280000,21.000000
45.670000,53.000000,7.330000,2856.830000,21.000000
45.670000,53.000000,7.330000,2858.380000,21.000000
45.670000,53.000000,7.330000,2859.930000,21.000000
45.680000,53.000000,7.330000,2861.480000,21.000000
45.680000,53.000000,7.330000,2863.030000,21.000000
45.680000,53.000000,7.320000,2864.580000,21.000000
45.680000,53.000000,7.320000,2866.140000,21.000000
45.680000,53.000000,7.320000,2867.690000,21.000000
45.690000,53.000000,7.310000,2869.240000,21.000000
45.690000,53.000000,7.310000,2870.790000,21.000000
45.700000,53.000000,7.300000,2872.340000,21.000000
45.700000,53.000000,7.300000,2873.890000,21.000000
45.700000,53.000000,7.300000,2875.440000,21.000000
45.710000,53.000000,7.290000,2876.990000,21.000000
45.710000,53.000000,7.290000,2878.540000,21.000000
45.710000,53.000000,7.290000,2880.090000,21.000000
45.720000,53.000000,7.280000,2881.650000,21.000000
45.720000,53.000000,7.280000,2883.200000,21.000000
45.710000,53.000000,7.290000,2884.750000,21.000000
45.710000,53.000000,7.290000,2886.300000,21.000000
45.700000,53.000000,7.300000,2887.850000,21.000000
45.700000,53.000000,7.300000,2889.400000,21.000000
45.710000,53.000000,7.290000,2890.950000,21.000000
45.700000,53.000000,7.300000,2892.500000,21.000000
45.690000,53.000000,7.310000,2894.050000,21.000000
45.690000,53.000000,7.310000,2895.600000,21.000000
45.680000,53.000000,7.320000,2897.160000,21.000000
45.680000,53.000000,7.320000,2898.710000,21.000000
45.680000,53.000000,7.320000,2900.260000,21.000000
45.680000,53.000000,7.320000,2901.810000,21.000000
45.680000,53.000000,7.320000,2903.360000,21.000000
45.670000,53.000000,7.330000,2904.910000,21.000000
45.660000,53.000000,7.340000,2906.460000,21.000000
45.670000,53.000000,7.330000,2908.010000,21.000000
45.670000,53.000000,7.330000,2909.560000,21.000000
45.670000,53.000000,7.330000,2911.120000,21.000000